4.482434272766113 -0.11836504936218262 -1.5636848211288452 -0.9976577758789062 0.024949055165052414 0.06369125843048096
3.825235366821289 -0.09188004583120346 -1.4254016876220703 -0.9985796809196472 0.02681330218911171 0.04604059457778931
3.1131644248962402 -0.07582874596118927 -1.3201128244400024 -0.9967696070671082 0.030526548624038696 0.07428676635026932
2.4005870819091797 -0.05890224874019623 -1.2171248197555542 -0.9954565167427063 0.027047013863921165 0.09129597246646881
1.7268332242965698 -0.042067401111125946 -1.2007888555526733 -0.9961747527122498 0.02342161536216736 0.08418579399585724
0.9519526362419128 -0.02912946045398712 -1.1494141817092896 -0.9943790435791016 0.013388852588832378 0.10502921789884567
0.26934146881103516 -0.019230559468269348 -1.1355006694793701 -0.9927287697792053 0.018051162362098694 0.11901158839464188
-0.5480523705482483 0.000789940357208252 -0.9531782865524292 -0.9924377799034119 0.02417505532503128 0.12034469842910767
-1.1388717889785767 0.018417902290821075 -0.8837301135063171 -0.9932675361633301 0.015744242817163467 0.11476831138134003
-1.7384090423583984 0.04032398760318756 -0.7726905941963196 -0.9927054047584534 0.021297214552760124 0.11866972595453262
-2.582529306411743 0.04953499883413315 -0.6878636479377747 -0.9914190769195557 0.04158398509025574 0.1239316314458847
-2.9739277362823486 0.06341136991977692 -0.6927962303161621 -0.9945460557937622 0.01872330531477928 0.10260407626628876
-3.570432424545288 0.07443955540657043 -0.5747672319412231 -0.9905201196670532 0.021638261154294014 0.13565213978290558
-4.527116298675537 0.09541408717632294 -0.4555724263191223 -0.9938769340515137 0.01844656839966774 0.10894165188074112
-5.279500961303711 0.13632918894290924 -0.35996654629707336 -0.995336651802063 0.021115783601999283 0.09412219375371933
-5.966651916503906 0.1543797105550766 -0.33074554800987244 -0.995776355266571 0.02361145056784153 0.08872385323047638
-6.619401454925537 0.16744382679462433 -0.340465247631073 -0.996691107749939 0.021430661901831627 0.07840669900178909
-7.369129180908203 0.16658668220043182 -0.05565980076789856 -0.9992801547050476 0.01748540997505188 0.033664993941783905
-7.97248649597168 0.1679123491048813 -0.001903868280351162 -0.9987369775772095 0.023327721282839775 0.04449961706995964
-8.034734725952148 0.16683317720890045 0.05728546530008316 -0.9982811808586121 0.031654439866542816 0.04932228475809097
2.358975887298584 -0.048538513481616974 -1.3585528135299683 -0.5561034083366394 0.060184698551893234 -0.8289312124252319
1.5712597370147705 -0.04427805542945862 -1.2617113590240479 -0.584125280380249 0.05210878700017929 -0.8099890351295471
0.9557237029075623 -0.021344520151615143 -1.1221429109573364 -0.5790552496910095 0.0442114882171154 -0.8140887022018433
0.44734257459640503 -0.017682433128356934 -1.0294121503829956 -0.5767139792442322 0.046384379267692566 -0.815628170967102
-0.43550580739974976 -0.008539348840713501 -0.9774934649467468 -0.5949289202690125 0.05177347734570503 -0.8021092414855957
-1.1868751049041748 0.007461808621883392 -0.8794602751731873 -0.5730805993080139 0.045172933489084244 -0.8182530999183655
-1.8059529066085815 0.017404913902282715 -0.81739342212677 -0.6008744239807129 0.056111063808202744 -0.7973717451095581
-2.6092770099639893 0.06259851157665253 -0.7193909287452698 -0.611266553401947 0.05578707158565521 -0.7894561886787415
-2.907688617706299 0.07211057096719742 -0.6187078952789307 -0.6064038276672363 0.04832519590854645 -0.7936869859695435
-3.77411150932312 0.08045372366905212 -0.5112406015396118 -0.5997041463851929 0.0474102608859539 -0.7988162040710449
-4.3858442306518555 0.08986490964889526 -0.38167211413383484 -0.5703129768371582 0.053574543446302414 -0.8196784257888794
-5.050780773162842 0.10480524599552155 -0.24201850593090057 -0.5808688998222351 0.05599493905901909 -0.8120688199996948
-5.611077308654785 0.13125212490558624 -0.3104231655597687 -0.5634773969650269 0.06044178083539009 -0.8239175081253052
-6.315242767333984 0.1495238095521927 -0.2509324252605438 -0.5411505699157715 0.058802731335163116 -0.8388673067092896
-6.988262176513672 0.17793235182762146 -0.4663364887237549 -0.5703822374343872 0.049912989139556885 -0.8198614716529846
-7.842113018035889 0.17762307822704315 -0.18688197433948517 -0.5103349685668945 0.05202661082148552 -0.8584005832672119
4.256434440612793 -0.12696412205696106 -1.3723781108856201 -0.4886762797832489 -0.015808995813131332 0.8723219037055969
3.459246873855591 -0.10680118203163147 -1.2317633628845215 -0.4671463966369629 -0.016443835571408272 0.8840271234512329
2.962524890899658 -0.09323646873235703 -1.3016124963760376 -0.46989965438842773 -0.013642188161611557 0.8826144337654114
2.080414295196533 -0.061669133603572845 -1.197648525238037 -0.47097814083099365 -0.01333373598754406 0.8820440769195557
1.431636095046997 -0.03366253525018692 -1.1319847106933594 -0.4355837106704712 -0.008477053605020046 0.900108277797699
0.8557023406028748 -0.019457906484603882 -1.1193288564682007 -0.44459378719329834 -0.004906336776912212 0.8957188725471497
0.20800122618675232 0.0032417476177215576 -0.9942662119865417 -0.42939886450767517 -0.007553505711257458 0.9030833840370178
-0.3869726061820984 0.011570997536182404 -0.9293451309204102 -0.40672945976257324 -0.006618461571633816 0.9135246276855469
-1.0880411863327026 0.017448533326387405 -0.8220112323760986 -0.40003320574760437 -0.016777990385890007 0.916347086429596
-1.7072360515594482 0.02163790911436081 -0.6434031128883362 -0.39862802624702454 -0.012596887536346912 0.917026162147522
-2.449828624725342 0.053365230560302734 -0.6201462149620056 -0.39643919467926025 -0.015091178007423878 0.9179370403289795
-2.9799628257751465 0.06620348989963531 -0.6124188899993896 -0.40509849786758423 0.004680105019360781 0.9142610430717468
-4.013672828674316 0.07464776188135147 -0.6241622567176819 -0.4169352352619171 0.008619118481874466 0.9088953137397766
0.004260065034031868 0.11193522810935974 -6.165953159332275 -0.005473903380334377 -0.029450928792357445 0.9995512366294861
7.77263194322586e-05 0.10789600014686584 -5.915452480316162 -0.004057766404002905 -0.029081420972943306 0.9995688199996948
0.0011875275522470474 0.09558241069316864 -5.496628284454346 -0.005917022004723549 -0.028695277869701385 0.9995707273483276
0.01598501391708851 0.08735069632530212 -5.169576168060303 -0.009004713036119938 -0.02774675376713276 0.9995744228363037
0.006088988855481148 0.07849650084972382 -4.753422260284424 -0.012778221629559994 -0.02789108268916607 0.9995293021202087
0.008935624733567238 0.0739564299583435 -4.4811692237854 -0.01069545280188322 -0.024687131866812706 0.999638020992279
0.006256887689232826 0.0750540941953659 -4.180522441864014 -0.0096904831007123 -0.029630975797772408 0.9995139241218567
-0.014379886910319328 0.06438468396663666 -3.791714668273926 -0.012522034347057343 -0.028071803972125053 0.9995275735855103
0.009825611487030983 0.06120787560939789 -3.5258922576904297 -0.015335772186517715 -0.02975722774863243 0.9994394779205322
0.005412692204117775 0.05235682427883148 -3.1107406616210938 -0.015326039865612984 -0.02942502312362194 0.9994494915008545
0.001137586310505867 0.04274851083755493 -2.8595266342163086 -0.014869343489408493 -0.03019137866795063 0.9994335770606995
-0.006242645904421806 0.027597203850746155 -2.4610559940338135 -0.017113497480750084 -0.035041335970163345 0.9992393255233765
-0.018122753128409386 0.014701783657073975 -2.248302459716797 -0.015290992334485054 -0.04364893212914467 0.9989298582077026
-0.012420793995261192 0.0068998783826828 -1.9922817945480347 -0.01819038763642311 -0.042176585644483566 0.9989445209503174
-0.015246173366904259 -0.011413656175136566 -1.6165589094161987 -0.018047424033284187 -0.03819767385721207 0.9991072416305542
-0.016147790476679802 -0.01016426831483841 -1.3013032674789429 -0.019884586334228516 -0.04467998072504997 0.998803436756134
-0.03977271169424057 -0.02209720015525818 -0.9098450541496277 -0.022294240072369576 -0.02714548446238041 0.9993828535079956
-0.0375385507941246 -0.02779494598507881 -0.6688538193702698 -0.020012743771076202 -0.016027454286813736 0.9996712803840637
-0.02445319853723049 -0.025821667164564133 -0.25668349862098694 -0.019211500883102417 0.013911988586187363 0.9997186660766602
-0.0270680021494627 -0.027438776567578316 -0.006661537103354931 -0.015411335043609142 0.01029860321432352 0.9998281598091125
-0.00881068967282772 -0.027830632403492928 0.2160513699054718 -0.01641709916293621 0.001692156190983951 0.9998637437820435
-0.020580647513270378 -0.026710912585258484 0.5827220678329468 -0.012583664618432522 0.0027787520084530115 0.9999169707298279
-0.03332725912332535 -0.0254367645829916 0.8266208171844482 -0.009242052212357521 -0.005307032726705074 0.999943196773529
-0.02272922359406948 -0.02889503538608551 1.1553854942321777 -0.005557788070291281 -0.009545410983264446 0.99993896484375
0.0020683128386735916 -0.027889925986528397 1.4268403053283691 0.00036279531195759773 -0.004432231653481722 0.9999901056289673
-0.007652191445231438 -0.03250560909509659 1.8141248226165771 -0.001820596749894321 -0.015765104442834854 0.9998740553855896
0.002298044040799141 -0.03354080021381378 2.095486640930176 0.005445071030408144 -0.006053593475371599 0.9999668598175049
-0.008517203852534294 -0.03701618313789368 2.353163242340088 0.007453027181327343 -0.006257772445678711 0.9999526739120483
-0.015265962108969688 -0.03997999429702759 2.7229135036468506 0.0017758170142769814 -0.01286669634282589 0.9999156594276428
-8.772127330303192e-05 -0.03778545558452606 2.988239288330078 0.0002588801726233214 -0.005001910030841827 0.9999874234199524
0.0057382602244615555 -0.043235212564468384 3.3815858364105225 0.001987047493457794 -0.0048192813992500305 0.9999864101409912
0.0049730706959962845 -0.04186369478702545 3.5979132652282715 -0.0004415491712279618 -0.01779736578464508 0.999841570854187
0.0045704711228609085 -0.04898695647716522 3.9776363372802734 0.001225179759785533 -0.01804635301232338 0.9998363256454468
-0.0007903408259153366 -0.05244675278663635 4.273950576782227 0.0016358497086912394 -0.014478548429906368 0.999893844127655
0.007713692262768745 -0.053411588072776794 4.508386135101318 -0.004089276771992445 -0.014111002907156944 0.9998921751976013
0.008843572810292244 -0.057878971099853516 4.863152980804443 -0.005301263649016619 -0.011393346823751926 0.9999210238456726
0.01076054759323597 -0.05710515379905701 5.070900917053223 -0.005105653777718544 -0.008536320179700851 0.9999505281448364
0.02434435673058033 -0.058849841356277466 5.530213832855225 -0.006335113197565079 -0.006226276978850365 0.9999605417251587
0.031401678919792175 -0.06034940481185913 5.825880527496338 -0.009601430967450142 -0.008313298225402832 0.9999194145202637
0.032875463366508484 -0.060078442096710205 6.276061534881592 -0.008155113086104393 -0.010497797280550003 0.9999116659164429
0.041227295994758606 -0.06244927644729614 6.531492233276367 -0.00562155619263649 -0.011573674157261848 0.9999171495437622
0.03758811950683594 -0.07196912169456482 6.6540703773498535 -0.00704176863655448 -0.011520307511091232 0.9999088644981384
-0.08465008437633514 0.13667544722557068 -6.24198055267334 -0.8510096669197083 -0.022164128720760345 0.5246821641921997
-0.133817657828331 0.12814800441265106 -5.895997524261475 -0.8514837026596069 -0.022954922169446945 0.5238783359527588
-0.08469946682453156 0.11282166838645935 -5.479964256286621 -0.8542398810386658 -0.027617888525128365 0.5191449522972107
-0.13936839997768402 0.10191352665424347 -5.1945343017578125 -0.8571588397026062 -0.03024185448884964 0.5141634345054626
-0.054994598031044006 0.09209878742694855 -4.74540901184082 -0.8603264689445496 -0.025731312111020088 0.5090936422348022
-0.07499337941408157 0.08756199479103088 -4.45259428024292 -0.8593786358833313 -0.022898772731423378 0.5108268857002258
-0.06303612887859344 0.08650282025337219 -4.187002658843994 -0.8595835566520691 -0.022142549976706505 0.5105151534080505
-0.03937692195177078 0.08021409064531326 -3.821547031402588 -0.8591334819793701 -0.025019213557243347 0.5111396312713623
-0.03756795823574066 0.0717611163854599 -3.555410861968994 -0.8569414615631104 -0.025410432368516922 0.514786958694458
-0.062191203236579895 0.06913909316062927 -3.189810037612915 -0.85880446434021 -0.020046070218086243 0.5119110941886902
-0.06619575619697571 0.0602075457572937 -2.910875082015991 -0.8611118197441101 -0.015467837452888489 0.5081803202629089
-0.07138125598430634 0.04688875377178192 -2.5946037769317627 -0.8546362519264221 -0.014204215258359909 0.519032895565033
-0.12884055078029633 0.027507588267326355 -2.3202099800109863 -0.8601553440093994 -0.012838629074394703 0.5098704695701599
-0.06937918812036514 0.019664086401462555 -2.038616418838501 -0.8546237945556641 -0.009563768282532692 0.5191594958305359
-0.08845145255327225 0.00043795257806777954 -1.6350159645080566 -0.8540738821029663 0.0007762624300085008 0.5201510787010193
-0.10068537294864655 -0.010361522436141968 -1.343518614768982 -0.8498279452323914 -0.00032853646553121507 0.5270602703094482
-0.12590184807777405 -0.015180990099906921 -1.0030741691589355 -0.8530114889144897 0.010476063005626202 0.5217869877815247
-0.11550169438123703 -0.018442049622535706 -0.7231156229972839 -0.8558186292648315 0.014625057578086853 0.5170691609382629
-0.10055480897426605 -0.01587539352476597 -0.34118229150772095 -0.85599684715271 0.023640256375074387 0.5164402723312378
-0.08859603106975555 -0.018233641982078552 -0.09334485977888107 -0.8550145626068115 0.017993014305830002 0.5182917714118958
-0.09927621483802795 -0.015833847224712372 0.16392946243286133 -0.8588085770606995 0.005632421933114529 0.5122657418251038
-0.10692077875137329 -0.01825803890824318 0.576805591583252 -0.8569552898406982 0.0005362710799090564 0.5153904557228088
-0.13072916865348816 -0.01752018928527832 0.8230600953102112 -0.8570141792297363 -0.008053230121731758 0.5152299404144287
-0.0737217366695404 -0.014319485053420067 1.2090294361114502 -0.8498548269271851 -0.011788750067353249 0.5268850922584534
-0.04168069362640381 -0.015001008287072182 1.4780690670013428 -0.8478567600250244 -0.01838059350848198 0.5299066305160522
-0.014964668080210686 -0.019671820104122162 1.8341914415359497 -0.8428060412406921 -0.023355934768915176 0.537710428237915
-0.015250420197844505 -0.01716667413711548 2.117856025695801 -0.8430117964744568 -0.017408136278390884 0.5376133918762207
-0.030423110350966454 -0.018912747502326965 2.439812421798706 -0.8386463522911072 -0.01981711946427822 0.5443156957626343
-0.03226539492607117 -0.019654519855976105 2.7072150707244873 -0.8455999493598938 -0.021927284076809883 0.5333665013313293
-0.020475974306464195 -0.023188643157482147 2.9602766036987305 -0.8401704430580139 -0.018567899242043495 0.5420045852661133
-0.0028961580246686935 -0.02445201575756073 3.3607163429260254 -0.8432029485702515 -0.022357627749443054 0.5371302366256714
-0.004623694345355034 -0.03263886272907257 3.6620943546295166 -0.84881591796875 -0.02028033882379532 0.5282993316650391
-0.0038002859801054 -0.03271126747131348 3.9932503700256348 -0.8381468653678894 -0.016383925452828407 0.5451984405517578
0.010227026417851448 -0.03461572527885437 4.273332118988037 -0.8466054797172546 -0.014415668323636055 0.5320256352424622
0.018602924421429634 -0.03884799778461456 4.498805999755859 -0.8473049998283386 -0.013160333037376404 0.5309436321258545
0.013128848746418953 -0.03953997790813446 4.881219863891602 -0.8486429452896118 -0.014534764923155308 0.5287665128707886
-0.003461284562945366 -0.04265411198139191 5.123068809509277 -0.8488675951957703 -0.015964237973093987 0.528364360332489
0.008303793147206306 -0.04083748161792755 5.502570629119873 -0.8552451729774475 -0.021635418757796288 0.5177717804908752
-0.003292558714747429 -0.03906017541885376 5.770491600036621 -0.855239748954773 -0.02356080897152424 0.5176967978477478
0.015265392139554024 -0.035430267453193665 6.205581188201904 -0.8564996719360352 -0.023312339559197426 0.5156208872795105
0.030620085075497627 -0.03415314853191376 6.490065574645996 -0.8577350974082947 -0.02861149236559868 0.5132951736450195
0.04315212368965149 -0.03959548473358154 6.729167461395264 -0.8594144582748413 -0.030543889850378036 0.5103664398193359
-0.059877678751945496 0.063150554895401 -3.6232573986053467 0.8543524146080017 -0.012245872057974339 0.5195499062538147
0.007427016273140907 0.03675423562526703 -3.1600453853607178 0.8552040457725525 -0.00802451279014349 0.5182292461395264
0.007254922762513161 0.03995653986930847 -2.7938241958618164 0.8552592396736145 -0.017439134418964386 0.5179068446159363
0.030542368069291115 0.033085279166698456 -2.490812301635742 0.8518933653831482 -0.02234611287713051 0.5232383012771606
0.027294890955090523 0.02085702121257782 -2.2029213905334473 0.8505717515945435 -0.025604089722037315 0.5252353549003601
0.0377059206366539 0.013466186821460724 -1.9507566690444946 0.8537527918815613 -0.02884064055979252 0.5198793411254883
0.034598737955093384 -0.002659916877746582 -1.6003590822219849 0.8509484529495239 -0.041068315505981445 0.5236411094665527
0.0005460698157548904 -0.01177927851676941 -1.3789154291152954 0.8530420064926147 -0.049600452184677124 0.5194798111915588
0.012294935062527657 -0.02320077270269394 -0.9753612875938416 0.8555529713630676 -0.04313817620277405 0.5159149765968323
0.019478166475892067 -0.02356695756316185 -0.6931672692298889 0.8475661873817444 -0.03785720840096474 0.5293376445770264
0.013784954324364662 -0.02132127806544304 -0.2675345540046692 0.8553889393806458 -0.02570405602455139 0.5173479914665222
0.03820536285638809 -0.029047030955553055 -0.02070418745279312 0.8560080528259277 -0.026115214452147484 0.5163024663925171
0.02178509347140789 -0.022977516055107117 0.2590639889240265 0.8549561500549316 -0.0144839221611619 0.5184980630874634
0.03376161307096481 -0.023838747292757034 0.49779510498046875 0.8509263396263123 0.0006076937424950302 0.5252846479415894
0.004697447642683983 -0.02690117061138153 0.7699301838874817 0.8534555435180664 -0.004664324689656496 0.521144688129425
-0.011312222108244896 -0.034856706857681274 1.1791332960128784 0.8570209741592407 -0.0017608768539503217 0.5152786374092102
0.01653423346579075 -0.028341934084892273 1.4640703201293945 0.8580943942070007 0.001391839818097651 0.5134902000427246
0.03642064332962036 -0.029576227068901062 1.7919672727584839 0.8635663390159607 -0.00394721794873476 0.5042197704315186
0.03131797909736633 -0.032724715769290924 2.0804543495178223 0.8625367879867554 -0.0022078282199800014 0.5059894919395447
0.033894941210746765 -0.03481696546077728 2.31748366355896 0.8634710311889648 -0.002414862159639597 0.5043925642967224
0.007515693083405495 -0.038115985691547394 2.7361457347869873 0.8638054132461548 -0.00023489995510317385 0.5038254261016846
0.021412188187241554 -0.03993155062198639 3.004269599914551 0.8602622747421265 0.001885750563815236 0.5098482966423035
0.01631501503288746 -0.04099075496196747 3.3715178966522217 0.8601294755935669 -0.000410867651225999 0.510075569152832
0.04365096241235733 -0.048069342970848083 3.59088397026062 0.8588184118270874 -0.006740951910614967 0.5122357606887817
0.020630450919270515 -0.05116648972034454 4.004112720489502 0.8559545874595642 -0.007115722633898258 0.5170019865036011
0.014729233458638191 -0.05916619300842285 4.240697383880615 0.859046995639801 -0.009223769418895245 0.5118136405944824
0.014456169679760933 -0.06118062138557434 4.551419734954834 0.8567989468574524 -0.008447070606052876 0.5155814290046692
0.040031686425209045 -0.06200090050697327 4.905906677246094 0.8561289310455322 -0.006349408533424139 0.5167233943939209
0.03415067493915558 -0.06634621322154999 5.199410438537598 0.8551205396652222 -0.004755064379423857 0.5184074640274048
0.048199936747550964 -0.0619562566280365 5.539774417877197 0.8604949712753296 0.0029103870037943125 0.5094506144523621
-0.04332903027534485 -0.06766985356807709 5.848809242248535 0.8611334562301636 0.007230299059301615 0.5083274841308594
0.012205841019749641 -0.07110488414764404 6.338471412658691 0.8593209981918335 0.0009395061642862856 0.511435866355896
-0.01828652434051037 -0.07657031714916229 6.591556072235107 0.8644354343414307 0.0031490118708461523 0.5027340054512024
-0.015521673485636711 -0.08150872588157654 6.795803546905518 0.8686408400535583 0.005870255175977945 0.4954075515270233
